Parallel
10.974579171375808
9.34804563149737
8.309645499637554
8.574134422113275
8.316489944947534
8.390312176547013
10.892934716561285
8.325778835020174
8.208445486787241
8.822001120253844
8.26368993824508
9.357334521566372
8.448978850665299
8.590756646444788
8.88066779437213
9.51182343007531
8.71297888418485
8.584401090080064
8.305734388031851
8.46706774185077
8.388356620740524
10.677334689185955
10.995112507316662
8.445556628004852
8.365867729000456
8.306223276980745
12.894446081834758
10.269112415127893
8.191334373503196
8.222134377414477
8.195245485112537
9.885823477565282
8.928090022614924
11.913245957239269
12.444668246942456
12.538534925530257
8.484667744083708
8.738889998589002
8.619112205600686
8.566801087843487
9.065956706788711
10.138579065216618
9.046890037701814
10.393779097623337
9.36271230002967
9.954267930701462
8.170801037562342
8.436756626888382
8.208445486787241
8.291067719499551
8.211378820491518
9.273245621996466
8.654801099019096
8.318445500754024
8.592223313298746
9.7611567950662
8.338978836694878
8.256356603982567
8.346312170961028
8.184489928189578
11.97777929876247
8.672401101255673
8.477334409821196
8.425023292063997
8.376623285923415
8.28520105208736
9.079156708467053
8.150756590570381
8.258312159785419
12.444179357989924
11.493290348353185
8.079867692678818
8.259778826643014
8.299867720619659
10.858712489993195
8.63426776308188
8.213823265243263
8.652845543219883
8.611289982385642
8.435289960038062
12.86413496687237
11.270845875660598
8.52133441541082
8.50813441372884
8.459734407580981
8.582445534277213
10.10484572760106
8.330178835578408
8.268578827755846
8.374178841168032
9.494223427835095
8.825912231859547
11.591068138546689
12.460801582325075
9.431645642114745
8.51546774799499
8.528667749669694
8.553112197223527
8.456312184931448
8.41524551304974
9.726934568498109
9.383734524919419
9.340223408278689
8.503245524221711
8.584889979036234
12.336623788778525
12.689112722429854
8.735467775932193
8.236801045943139
11.859468172628112
9.388134525477653
8.51546774799499
9.748445682344027
8.305245499075681
8.404978845079313
11.280134765733237
8.202578819375049
9.483467870919412
11.379868111729593
8.353645505227178
13.219557234231615
10.074045723689778
8.410845512491505
8.498845523663476
10.200667961988074
8.514489970097202
11.120268078768277
8.428445514720806
10.830356930837297
9.086490042733203
9.591512329083344
8.252445492373226
10.77853470203263
10.145423510530236
10.909556940896437
11.771468161456141
10.262267969810637
12.286268226827815
12.307290451717563
11.993423745196196
9.418934529388935
8.34337883725675
10.38889020811257
12.269646002496302
9.218001170542266
9.26737895459155
10.71057913785262
8.474889965069451
10.22169018688146
8.602978870218067
10.337067979307903
8.65773443273065
8.381023286478012
8.3120899443893
8.294001053203829
8.255378826077504
9.727423457447003
8.750134444464493
8.288623274744168
8.236801045943139
9.33386785192124
12.515068255881488
12.693512722984451
12.511646033224679
9.551423435103061
8.982845585123869
8.294978831108892
8.225067711118754
8.443601072198362
8.216756598951179
9.090401154335268
8.616178871896409
8.369778840606159
8.608845537630259
8.406934400878527
8.667023322796013
8.392756621298759
8.409867734586442
8.341423281450261
8.487601077791624
12.081423756371805
12.843112741978985
8.671912212306779
12.327334898705885
12.275023780952324
8.401067733469972
8.425512181020167
11.008801397943898
9.887779033371771
10.690534690860659
8.962312249179377
8.605423314977088
8.444089961154532
8.470489964507578
8.35755661683288
8.538934417643759
9.058134483573667
8.29791216481317
9.930801261052693
10.02760127334841


Sequential

7.42280094257876
7.083023121656879
7.216978694221325
7.70635653413774
7.57044540577408
15.445957516945782
7.084000899554667
6.963245328664925
7.152445352690847
11.820357056552893
7.482934283547365
7.2047564704480465
9.495690094689053
7.406667607196141
7.328934263990959
10.643601351570396
7.517156510115456
7.270756478828844
7.166623132270615
7.121156459827034
11.526534797023487
14.797690767958557
10.699334691977128
8.130712143585697
11.50893479478691
13.985157331448136
16.118668713483203
12.748268285493396
11.294801434261899
11.286979211043217
14.629512968829658
17.04022438605898
7.065912008365558
8.31062327753898
7.162223131705105
9.543112322931847
8.636712207837263
12.636801604669017
9.313334515980387
14.601646298622654
8.261245493493334
7.727378759034764
7.45311205753751
7.455556502292893
7.514712065360072
11.970934853448853
8.385423287039885
7.66333430645318
7.515200954312604
7.416934275166568
7.906801004039153
9.519645653290354
14.573290739463118
7.778223209934367
7.634000969399494
8.084267693244328
7.554312070387823
7.6369343031037715
7.507867620042816
7.491734284667473
7.702445422532037
7.597823187028553
10.105823505502485
15.020624129603675
9.36075674422682
15.652757543208281
11.254223651329085
10.088223503265908
10.12635684144334
13.424890593636519
7.214534249462304
6.947600882238476
8.998490031553956
10.205067962546309
7.002845333692676
11.37742366697421
11.257156985037
7.93124545158571
10.638223573107098
11.119779189815745
7.843245440410101
8.092578805408266
6.921689767834323
7.909245448794536
6.95200088279671
8.18888992875145
7.170534243876318
7.119200904027821
7.040000893968681
7.198889803032216
7.174934244434553
7.0957342343754135
7.12066757087814
8.529645527574758
8.681201102372142
8.025601019122405
7.218445361075283
7.198889803035854
9.372978968000098
7.103556457594095
12.009068191626284
10.733556918545219
11.274268098317407
7.927334339976369
7.174445355489297
8.018267684863531
6.959334217055584
7.068356453124579
7.029245337045722
7.038534227118362
7.321112040779553
6.952978660698136
7.08840090011654
7.071289786832494
9.034178924972366
9.239512284384546
7.159778686956997
7.687289865050843
8.085734360094648
6.913378655666747
7.103556457594095
7.270756478828844
7.001867555794888
6.979378664043907
7.204267581491877
7.987956569901144
7.112356458714203
7.059556452004472
6.829778645049373
6.945156437483092
7.919512116764963
10.79320137056493
7.660400972748903
7.2326231406514125
7.184223134503554
7.953734343333053
7.351423155738303
7.130445349899674
7.188623135065427
7.036089782362978
7.464356503409363
7.0639564525663445
7.203289803590451
7.128978683045716
7.1837342455546604
8.267112160901888
7.055645340398769
11.31093476964088
7.068356453124579
7.133867572552845
8.045156577161833
7.05760089620162
7.148045352136251
9.519156764337822
8.926134466812073
7.964489900256012
7.102089790740138
7.3558231562928995
7.181778689748171
8.290089941601764
7.5103120648018376
7.366578713219496
7.211112026809133
7.217956472122751
7.155867575344018
7.9571565659862245
7.024845336487488
7.027778670195403
7.238489808063605
8.153689924278297
8.196223263010324
11.211690312597057
8.378578841726267
7.185689801357512
7.233600918552838
7.788489877904794
7.350934266785771
7.245823142326117
7.048312006136257
6.944178659578029
7.481467616693408
7.253645365541161
7.101112012835074
7.179334244996426
7.180312022897851
8.11115658554263
7.022400891732104
10.219734631078609
11.209245867845311
9.308934515418514
9.508401207414863
7.369023157971242
7.301067593787593
7.0150675574659545
7.160267575909529
7.6017342986342555
7.494667618368112
7.407156496148673
7.520578732775903
7.425734276283038
