MAP
3.591802999995707
2.015754999996716
3.942284999997355
3.812599000004411
2.9482519999983197
2.529594999996334
4.123153000000457
2.834471999998641
3.231651000001875
4.681114999999409
2.31235899999956
4.429552000001422
3.2100769999997283
2.804790000001958
6.331812000000355
3.266210999998293
2.4264100000036706
2.9794249999977183
2.7421380000050704
1.9572939999998198
1.449680999998236
1.3453349999981583
3.237820999998803
2.2454560000005586
1.4249530000015511
1.357425999998668
2.5142440000017814
1.4640440000039234
1.5397720000000845
2.4008189999985916
1.4053720000010799
1.3901999999980035
2.5910210000001825
1.4602760000052513
1.616585000003397
1.5304340000002412
1.687024000002566
1.3658340000001772
1.6081910000029893
1.3569549999992887
1.5374220000012428
1.4304100000008475
1.3553239999964717
1.9364409999980126
1.5212590000010096
1.5421989999995276
1.3451770000028773
1.5032770000034361
3.05614400000195
2.096369999999297
1.6752449999985402
1.6661149999999907
1.8501740000028803
1.4657999999981257
1.4502309999988938
2.4693070000030275
2.979709000002913
2.8388580000028014
3.0837849999952596
2.966236000000208
3.0379290000018955
3.669332999998005
3.314970000003086
3.1861430000026303
3.23291700000118
1.7446940000008908
1.4911190000020724
1.3566670000036538
2.4933209999981045
1.581399999999121
1.4290929999988293
3.0751490000002377
3.179179999999178
2.5692070000004605
2.0078859999994165
1.6928839999964111
1.4731930000016291
1.6739940000043134
1.4432249999990745
1.423581999999442
3.2999869999985094
3.105784000003041
3.3301849999988917
3.111049000002822
2.366868000000977
3.2267290000017965
2.8324350000002596
3.278438000001188
2.141301999999996
1.5065400000021327
1.7129410000015923
2.89279699999679
1.4310649999970337
1.3290390000001935
1.3246450000006007
1.56008600000132
1.5633709999965504
1.6476119999970251
1.8834250000036263
1.658939000004466
1.4074369999980263
3.432756000001973
3.5269370000023628
1.8518390000026557
1.467635999997583
1.3777350000018487
1.3564509999996517
2.0433069999999134
1.3658680000007735
1.3300659999986237
1.9393370000034338
1.480719000002864
1.3460780000023078
1.4626749999988533
1.5357240000012098
2.1064920000062557
1.7553329999973357
2.7583549999981187
2.668088999998872
2.3222720000012487
1.6495130000002973
1.7928700000011304
1.4760300000016287
2.0206359999974666
1.6177090000019234
2.7616539999980887
2.942806000002747
2.7561300000015763
2.531596000000718
1.4862170000014885
1.4772130000019388
1.6458770000026561
1.5497959999993327
2.218150999997306
1.4515159999973548
1.8961940000008326
2.7700390000027255
1.6770759999999427
1.5872440000021015
1.9999250000000757
1.5692610000005516
1.5338679999986198
1.3847439999990456
1.7336230000000796
2.82933399999456
2.8930309999996098
1.8420530000003055
1.5106069999965257
1.4407239999964077
2.242682000003697
1.4181280000011611
1.33092200000101
1.5977030000030936
2.656697999998869
2.9397870000029798
1.4359949999998207
1.3374080000030517
1.3570610000024317
1.7905330000030517
1.3908809999993537
1.327291999998124
1.6237680000012915
2.6118830000013986
2.9000169999999343
1.6222470000029716
1.585878000001685
1.4373909999994794
2.5090179999970132
1.7321139999985462
1.554957000000286
1.7342399999979534
3.1173429999980726
2.8041550000016287
2.9085850000010396
1.5306339999988268
1.482093000002351
1.5443989999985206
1.6593919999977516
1.681641999999556
1.712241000001086
2.521638999998686
3.1166449999982433
1.769071000002441
1.3823640000009618
1.3717279999982566
2.508997000004456
1.472834000000148
1.3395150000033027
3.075866999999562
3.114884999999049
3.1479330000001937
3.207474999999249
2.0322029999988445
1.4146900000014284
1.7853119999999763
1.6366159999997762
1.5622789999979432
1.4301049999994575
1.331768000000011
1.448710000000574


PAR
1.6445269999994707
1.7581920000002356
2.596733999999742
1.6558880000002318
1.6531239999994796
2.439607000000251
1.703827000000274
1.6849840000004406
2.102651000000151
1.6579629999996541
1.6296050000009927
2.1304559999998673
1.6934309999996913
1.6584849999999278
1.7524490000005244
1.6968220000007932
1.8226450000001932
3.8493829999997615
3.7827870000000985
4.765873999999712
3.5871350000006714
3.3915999999990163
1.6975750000001426
2.763314000000719
3.217384999999922
1.963463000000047
2.6273449999998775
3.6250600000003033
2.6455980000000636
2.632969999999659
3.5006570000005013
3.182532999999239
2.7776560000002064
2.5837110000002212
1.8579680000002554
4.352688000000853
3.28989300000012
1.9959630000003017
4.174699000000146
2.5364849999996295
1.8780679999999847
4.1583300000002055
1.782140000000254
1.6289579999993293
4.784615999999005
2.9201869999997143
1.731314999999995
3.789497000000665
3.791690000000017
2.4538739999998143
3.7678610000002664
1.909642000000531
3.3359449999998105
2.8426440000002913
2.1762509999998656
1.6724819999999454
2.474048000000039
1.6947310000005018
1.660545999999158
3.0696310000002995
3.268645000000106
2.172330999999758
3.5257870000004914
2.121077999998306
1.9707270000008066
2.599435000000085
1.7655180000001565
1.6725860000005923
3.153189000000566
2.0398709999999483
1.6420070000003761
1.744073999999273
2.51619699999992
2.8078190000005634
2.7234180000004926
1.8391479999991134
1.6542799999997442
3.8312199999991208
2.1676189999998314
1.6733100000001286
2.364336999999068
1.8538139999991472
1.6672280000002502
3.1494050000010247
1.7911620000004405
1.6805590000003576
4.0845259999996415
2.258179999999811
1.8018809999994119
3.087410000000091
2.1345659999997224
1.7783809999991718
2.8467450000007375
1.896816000000399
1.6581239999995887
2.3870389999992767
1.702499999999418
1.672046999999111
2.397253000001001
4.196595999999772
4.047018999999636
1.7853510000004462
2.6698349999996935
2.643622999999934
1.9021379999994679
1.8233469999995577
3.6722129999998288
1.7560800000001109
1.7704860000003464
3.657612999999401
1.8568059999997786
1.6911929999996573
2.7104890000000523
2.0496469999998226
2.740637999999308
2.361235999999735
3.291351000000759
2.9656540000005407
4.760325999999623
2.3537659999992684
1.745332999999846
1.839122000000316
1.9105559999989055
2.5630380000002333
1.7756340000005366
1.8488870000010138
1.6880339999997886
2.444652999999562
2.4426620000003822
2.056472000001122
1.695674999999028
1.7654209999991508
2.218062999999347
2.3338760000006005
1.838130000000092
1.674377000000277
2.2204320000000735
3.1253169999999955
2.219102000000021
2.0630019999998694
1.786352999999508
1.7363589999995384
2.405897999999979
1.7294649999994363
1.7376169999997728
1.8489830000007714
1.789571000000251
1.747932000000219
1.653306000000157
2.1884289999998146
1.7025149999999485
1.6873200000009092
2.184599000000162
1.9718210000000909
1.6342500000000655
2.0059659999997166
1.6598079999994297
1.6182969999990746
2.010562000000391
1.660464000000502
1.6363240000009682
1.7779410000002827
1.6448999999993248
1.7091990000008082
1.827172999999675
1.6401270000005752
1.6298280000000887
2.420524000000114
1.99187400000028
1.6219559999999547
1.882912000000033
1.6447240000006786
1.7122779999999693
1.8472450000008394
1.6821970000000874
1.9499770000011267
1.8462799999997515
1.7048720000002504
1.715527000000293
1.8166249999994761
1.6749310000004698
1.6585859999995591
1.9033399999998437
2.7286669999994047
2.8469649999997273
1.9292749999985972
1.655854999999974
1.627835999999661
1.991135000000213
1.7482840000011493
1.6426630000005389
2.33723099999861
1.7614469999998619
1.6520719999998619
2.876683999999841
1.785931000000346
1.8838310000001002
2.733968000000459
1.77962000000025
1.7097049999993033


