1.9011289999998553
1.1144599999997808
1.112808999999288
1.1031789999988177
1.0941750000001775
1.0925339999994321
1.2838689999998678
1.1219639999999345
1.2907789999999295
1.5397220000004381
1.2254189999994196
1.2251580000001923
1.747087000000647
1.4198440000000119
1.1298970000007102
1.3143870000003517
1.2373999999999796
1.4397500000004584
1.2758659999990414
1.2190620000001218
1.293007000000216
1.5315489999993588
1.271746000001258
1.119937000000391
1.3936200000007375
1.6719769999999698
1.5879469999999856
1.247258000000329
1.118094000000383
1.105916999999863
1.1800450000000637
1.4157560000003286
1.2459789999993518
1.3723700000000463
1.3888209999995524
1.452777999999853
1.2952489999997852
1.3423640000000887
1.147621000000072
1.4331270000002405
1.5581329999995432
1.4274869999999282
1.1082010000000082
1.5288570000002437
1.234853999999359
1.2718529999992825
1.3250179999995453
1.4166299999997136
1.3430669999997917
1.2763379999996687
1.3255079999998998
1.2620179999994434
1.3646870000011404
1.272902000000613
1.2061299999995754
1.2353210000001127
1.3276260000002367
1.456979999999021
1.1102969999992638
1.7813010000008944
1.4185180000004038
1.174192999999832
1.2245530000000144
1.2598950000001423
1.1885039999997389
1.1349489999993239
1.2024020000008022
1.4160480000000462
1.5120620000006966
1.505887000000257
1.113325000000259
1.1278139999994892
2.001484000000346
3.602995999999621
1.16050499999983
1.1905329999999594
1.1451820000002044
1.4095699999998033
1.4310169999998834
1.5923800000000483
1.1620759999996153
1.5146769999992102
1.3359110000001237
1.8988349999999627
1.904515000000174
1.1046380000007048
1.3428119999998671
1.1321239999997488
1.6471630000005462
2.058820000000196
1.1115140000001702
1.1621900000000096
1.3840469999995548
1.4625770000002376
1.2043020000010074
2.012956000000486
1.1268629999995028
1.1430450000007113
1.9329810000008365
1.7877499999995052
1.4158529999995153
1.3707490000006146
2.3996229999993375
1.2526849999994738
1.8682150000004185
1.4670329999999012
1.6277870000003531
1.1271190000006754
1.2314430000005814
1.543737000000874
1.1349989999998797
1.3709099999987302
1.2656200000001263
1.5180300000001807
1.1323499999989508
1.8283329999994749
1.7409530000004452
1.7408210000003237
1.2963079999999536
1.275655999999799
1.1983060000002297
1.528823999999986
1.4693510000006427
1.1525070000006963
1.1660599999995611
1.8906820000001971
1.3564150000001973
1.1503819999998086
1.2402030000002924
1.352671000000555
1.4507570000005217
1.5063679999993838
