1.3264429999999265
1.4829349999999977
1.185287000000244
1.310116000000562
1.0980170000002545
1.1865560000005644
1.6782089999987875
1.1829870000001392
1.6543109999993248
1.0559400000001915
1.0470150000010108
1.2318220000015572
1.4871080000011716
1.159300000001167
1.1402189999998882
1.4956160000001546
1.5989220000010391
1.3419600000015635
1.0748640000001615
1.3658899999991263
1.358249999999316
1.7901860000001761
1.6174950000022363
1.7360090000001946
1.0505689999990864
1.2250980000007985
1.777235000001383
1.576532999999472
1.0840950000001612
1.3215679999993881
1.0728290000006382
1.512257000002137
1.2190299999983836
1.44680199999857
1.1449069999998756
1.1180719999993016
1.3804480000017065
1.9310489999988931
1.579541999999492
1.2912359999991168
1.5423050000008516
1.5819240000000718
1.1352290000013454
1.037888999997449
1.06810299999961
1.365749999999025
1.0808240000005753
1.0366399999984424
1.435006000001522
1.660450999999739
1.0698129999982484
1.2003519999998389
1.104895000000397
2.2776649999996152
1.1964930000012828
1.2337310000002617
1.2171290000005683
1.9474829999999201
1.0674920000001293
1.1551030000009632
1.3579649999974208
1.1765489999997953
1.2634040000011737
1.7232789999998204
1.1930859999974928
1.0368490000000747
1.279404999999315
1.3283329999994749
1.4397839999983262
1.1731330000002345
1.2959399999999732
2.589082000000417
1.4955919999993057
1.1613470000011148
1.1896900000010646
1.5226039999997738
1.3418519999995624
1.17660799999976
1.1222240000006423
1.2781690000010713
1.035147999999026
1.1645889999999781
1.0535770000005868
1.864904000000024
1.059067000000141
1.3053319999980886
1.5916530000013154
1.085849999997663
1.1034610000024259
1.3704929999985325
1.3740289999986999
1.4204370000006747
1.033077999998568
1.3010880000001634
1.8419990000002144
1.3128539999997884
1.1351999999988038
1.0421539999988454
1.0712750000020606
1.4004359999980807
1.0973889999986568
1.2025140000005194
1.1486740000000282
1.4659390000015264
1.096624999998312
1.2418650000017806
1.6078729999990173
1.1681399999997666
1.7349859999994806
1.2380659999998898
1.0297729999983858
1.3092049999995652
2.2011899999997695
1.3209900000001653
1.0328299999982846
1.076920000001337
1.1040179999999964
1.6685550000001967
1.2496489999994083
1.2895889999999781
1.082592000000659
1.9967109999997774
1.2253269999982876
1.0347079999992275
1.1329329999989568
1.313611999998102
1.0271230000016658
1.3502540000008594
1.7380420000008598
1.1130030000003899
2.2142510000012408
1.0665290000015375
1.5196890000006533
1.3561230000013893
1.031474999999773
1.125224999997954
1.5360769999988406
1.0661110000000917
1.3276949999981298
1.3287839999993594
1.7665020000004006
1.6381580000015674
1.9891280000010738
1.0869650000004185
1.3415230000009615
1.1547879999998258
1.4609769999988202
1.0794050000004063
1.0413160000007338
1.1701820000016596
1.8328900000014983
1.0967370000016672
1.0843610000010813
1.4623780000001716
1.4358659999998054
1.0511550000010175
1.2167889999982435
1.104269999999815
1.3866779999989376
1.728610000000117
1.7526170000001002
1.279329000000871
1.3149979999998322
1.4833230000003823
1.0693960000007792
1.050348999999187
1.705751000001328
1.599036999999953
1.4217440000011266
1.2053149999992456
1.047882999999274
1.0556020000003628
1.1405920000015612
1.0921569999991334
1.0429670000012266
1.339386999999988
1.0723739999993995
1.1797239999996236
1.2699869999978546
1.0843899999999849
1.2101160000001983
1.4675540000007459
1.1530040000016015
1.4989000000005035
1.965624000000389
1.2156809999996767
1.4528399999999237
1.0779380000003584
1.3549530000000232
1.2419470000004367
1.0513050000008661
1.4000840000007884
1.313959999999497
1.21679899999981
1.2941250000003492
1.675293000000238
1.3689960000010615
1.321300000001429
1.3333770000008371
1.1106829999989714
