1.4603900000001886
1.4781510000002527
1.4974629999996978
1.4236879999998564
1.1084839999998621
1.149916000000303
1.3094389999996565
1.395260999999664
1.5405300000002171
1.4152970000000096
1.4845610000002125
1.6555429999998523
1.6088800000002266
1.1903039999997418
1.3649509999995644
1.4565769999999247
1.3841940000002069
1.5504370000003291
1.5924450000002253
1.6992089999998825
1.8320369999996728
1.4499279999999999
1.5992129999999634
1.654098000000431
1.3112809999997808
1.6444070000002284
1.3231549999995877
1.3060479999999188
1.5173009999998612
2.8782410000003438
1.7880549999999857
1.4473049999996874
1.1532549999997173
1.1653470000001107
1.2306640000001607
1.3690169999999853
1.3395440000003873
1.4832339999998112
1.4895809999998164
1.5222469999998793
1.559483999999884
1.4130340000001524
2.21942399999989
1.5471590000001925
1.510740999999598
1.6047950000006495
1.5994540000001507
1.678620000000592
1.3900510000003123
1.4162459999997736
1.7117309999994177
1.3967839999995704
1.1314320000001317
1.4798140000002604
1.4582569999993211
1.4546129999998811
1.800959000000148
1.6416239999989557
1.6243959999992512
1.5854800000006435
1.651161000000684
1.7649350000001505
1.397740999999769
1.124695000000429
1.4209659999996802
1.3604980000009164
1.3137870000000476
1.3441269999993892
1.4947190000002593
1.5431290000005902
1.480450000000019
1.4277419999998529
1.4197070000000167
1.6602789999997185
1.6718769999997676
1.7037310000005164
1.2881920000008904
1.5666059999994104
1.5282760000009148
1.3326349999997547
1.7086880000006204
1.391907999999603
1.5277259999993476
1.1248610000002373
1.3308319999996456
1.510838999999578
1.5588779999998224
1.541028999999071
1.5472819999995409
1.6261859999995067
1.7301770000003671
1.5396559999999226
1.5058590000007825
1.399210000000494
1.3472280000005412
1.8547580000004018
1.3503899999996065
1.3745660000004136
1.5001830000001064
1.6686720000006972
2.1406209999995554
1.1215060000004087
1.179388000000472
1.7153390000003128
1.3617730000005395
1.578494000000319
1.4952060000005076
1.4864410000000134
1.3817660000004253
1.2635470000004716
1.244513000000552
1.3923509999995076
1.3744680000008884
1.4456430000000182
1.469930999999633
1.4385180000008404
1.3552159999999276
1.6529950000003737
2.0028360000005705
1.9971679999998742
1.7669529999993756
1.9745880000000398
1.6618420000004335
1.2646560000002864
1.5022989999997662
1.5663720000002286
1.6078409999990981
1.407162000000426
1.5054730000001655
1.64006899999913
1.3878109999996013
1.439476999999897
1.54262000000017
1.5295640000003914
1.3344520000000557
1.5373869999993985
1.313956999999391
1.5067409999992378
1.5230919999985417
1.4380649999993693
1.2046319999999469
1.5721590000002834
1.1629249999996318
1.6622209999986808
1.3892079999995985
1.6469189999988885
1.4918729999999414
1.3403339999995296
1.3275640000001658
1.4134920000005877
1.678740000000289
1.6200239999998303
1.6579430000001594
1.422790999999961
1.1590820000001258
1.190402000001086
1.858883999999307
1.649437000000944
1.1382960000000821
1.381279999999606
1.849713999999949
1.5898740000002363
1.1854630000007091
1.249413999999888
1.750051999999414
1.5250030000006518
1.2598129999996672
1.1998190000003888
1.7697950000001583
1.1844830000000002
1.2471940000004906
1.1805839999988166
1.6117489999996906
1.2862759999998161
1.1623370000006616
1.214998000000378
1.7995479999990494
1.1340419999996811
1.3729009999997288
1.6798930000004475
1.287982999999258
1.179917000000387
1.1722360000003391
1.5942290000002686
1.4981259999995018
1.1278269999993427
1.1735490000000937
2.1739169999991645
1.4608720000005633
1.1326769999996031
1.9069949999993696
1.6364149999999427
1.5599819999997635
1.1179349999993065
1.3237599999993108
1.7257829999998648
1.1773349999994025
1.1288060000006226
