4.001000000000204
4.736956000000646
3.784469000000172
3.7275300000001153
4.271231999999145
4.041362999998455
6.903206999999384
3.232017000000269
2.84986100000242
5.594282999998541
3.943843000000925
3.2564020000008895
1.1626159999977972
1.1139599999987695
1.5449179999995977
1.4429510000009032
1.5927449999999226
1.744157000000996
1.409153000000515
1.199176999998599
1.259475000002567
1.1881000000012136
1.3927240000011807
1.4056469999995898
1.7208109999992303
1.1403399999999237
1.1251740000006976
1.3944959999989806
1.2419800000025134
1.4790650000013557
1.1502870000022085
1.4713130000018282
1.2244569999984378
1.220139000000927
1.6434989999997924
1.587970000000496
1.3460610000020097
1.1991189999989729
2.6440959999999905
1.4244399999988673
1.1970740000015212
1.182079000001977
2.111954000001788
1.4582939999982045
1.2033510000001115
1.416510000000926
1.351249999999709
1.3649920000007114
1.3698090000016236
1.4074360000013257
1.2251369999994495
1.5384680000006483
1.450371000000814
1.4240790000003472
1.452900000000227
1.1907240000000456
1.396295000002283
1.5040470000003552
1.1221130000012636
1.1925959999989573
1.3348669999995764
1.7339680000004591
1.2547819999999774
1.2039499999991676
1.2190969999992376
1.2733939999998256
1.5684299999993527
1.5033209999983228
1.6659079999990354
1.5463010000021313
1.4533750000009604
1.1753200000002835
1.2083099999999831
1.3282239999989542
1.6346439999997529
1.439329999999245
1.4074319999999716
1.496186000000307
1.550097999999707
1.116755999999441
1.497086000001218
1.8813109999991866
1.2626519999994343
1.138013999998293
1.6425570000010339
1.145927000001393
1.4944419999992533
1.5473539999984496
1.387587999999596
1.1571619999995164
1.6691049999990355
1.5109360000005836
1.8460680000007414
1.6665279999997438
1.5108619999991788
2.509183000000121
1.1750730000003387
1.230744999998933
1.69579800000065
1.3002610000003187
1.1862419999997655
1.158095000000685
1.3250170000010257
1.7129530000001978
1.514234000000215
1.8089579999996204
1.2255090000016935
20.516771000000517
3.5079010000008566
3.1670800000010786
3.2691589999994903
3.2146970000012516
3.9700679999987187
4.337660000001051
3.7362339999981486
3.5489919999981794
3.457521000002089
